75
413
700
421
532
132
670
742
810
35
167
81
430
807
976
673
471
505
722
550
812
903
768
7
623
738
433
429
628
814
918
395
405
896
754
700
407
137
222
149
434
564
929
535
2
799
675
211
446
758
780
61
588
547
318
489
521
149
46
221
374
795
407
366
947
88
643
184
719
58
938
424
88
324
515
968
629
465
782
697
806
499
942
207
828
97
969
993
297
815
483
227
868
118
872
85
402
456
915
871
980
965
324
840
734
652
835
742
624
58
927
553
208
480
813
787
949
790
80
76
793
783
240
404
615
768
498
510
581
800
261
488
688
561
225
530
493
394
449
112
559
422
435
639
222
967
105
737
106
748
519
896
216
442
327
164
536
235
240
929
819
923
254
615
641
1
971
274
870
886
118
660
396
135
287
350
361
30
1
873
134
431
427
609
984
133
453
431
727
280
404
676
633
550
341
54
508
973
771
519
223
186
601
980
866
893
322
951
376
89
770
888
741
335
243
24
829
1
446
952
463
945
481
98
636
495
77
453
646
20
361
662
493
553
714
614
98
151
703
174
781
710
627
603
948
943
972
507
145
105
933
859
449
818
229
769
696
83
621
177
165
116
898
576
175
184
628
232
503
8
618
53
650
642
855
460
784
927
709
135
582
770
265
472
329
544
7
958
347
817
467
432
247
491
104
392
541
187
420
73
896
345
242
18
645
121
163
271
226
594
405
97
901
200
697
366
441
589
359
341
454
296
441
636
712
707
665
523
112
822
877
623
887
216
943
235
307
405
301
214
393
591
891
350
69
329
811
675
818
252
842
972
117
387
937
40
840
980
875
944
388
977
546
555
499
480
743
199
590
572
927
83
989
850
147
521
607
930
194
656
447
927
117
495
838
642
404
602
431
761
530
720
813
897
36
911
57
695
22
570
647
564
719
779
993
794
821
58
191
969
366
494
773
616
274
610
933
966
90
107
129
556
75
787
5
171
571
537
314
249
478
267
868
480
741
64
604
782
5
639
500
216
955
367
451
694
422
792
186
537
28
541
985
4
0
975
229
963
792
766
830
755
336
811
163
121
55
553
430
814
249
819
313
95
125
748
354
919
516
252
768
978
275
711
277
201
483
292
116
489
804
356
605
681
804
910
501
783
586
966
935
475
833
939
859
799
253
974
827
693
443
158
394
768
405
121
576
274
290
449
643
751
486
671
955
245
783
305
696
300
238
618
127
143
292
274
416
636
854
48
192
582
357
97
733
921
241
88
64
210
916
637
351
519
35
118
646
548
822
859
440
341
257
173
504
432
182
440
159
645
759
700
503
69
258
791
74
896
854
119
101
928
981
560
823
563
773
832
270
962
331
897
594
951
844
637
243
896
101
47
259
446
542
702
550
576
825
66
232
772
794
532
44
605
879
710
404
131
195
606
879
769
32
797
720
346
22
607
645
978
961
601
230
351
197
419
114
718
504
65
712
664
583
327
310
251
672
894
179
686
273
83
861
51
675
833
868
957
747
766
826
213
507
658
531
716
62
625
472
824
836
713
121
393
455
309
700
535
231
18
192
882
8
183
72
822
988
263
614
725
275
634
660
673
90
226
411
552
999
561
155
693
42
436
824
404
340
459
959
859
639
108
922
798
231
794
215
419
894
670
345
642
776
561
972
670
683
421
10
377
822
242
946
610
856
125
863
937
113
558
600
684
831
594
7
419
654
700
471
141
959
558
794
549
195
974
977
710
158
369
707
325
967
22
143
609
607
352
110
442
72
56
968
106
492
835
215
368
173
773
378
134
107
183
828
176
373
877
978
684
801
358
717
504
426
396
56
983
553
834
685
254
685
198
556
680
202
900
673
888
419
401
960
531
577
654
483
438
403
599
303
327
82
243
943
599
921
68
770
50
465
155
612
506
577
392
577
494
830
594
334
70
559
177
109
837
130
266
249
979
249
785
502
914
681
99
73
729
329
253
141
164
457
722
733
300
770
834
777
496
182
738
706
340
352
831
214
569
504
97
612
967
612
649
785
212
756
124
926
557
363
242
59
977
72
990
869
128
169
381
503
71
895
694
821
184
444
417
40
145
129
845
830
133
40
469
717
677
459
793
55
642
492
209
948
953
613
923
230
539
305
667
25
862
584
150
465
137
925
742
858
15
79
917
978
73
293
332
160
908
714
259
594
47
127
270
523
130
727
711
77
57
324
484
97
847
234
140
644
5
130
60
828
58
282
778
232
783
960
136
467
345
231
9
355
196
38
795
793
134
239
734
631
351
224
395
777
666
851
330