955
799
291
964
650
338
845
671
693
180
733
857
965
7
80
899
962
592
589
650
179
284
588
653
602
354
148
60
175
425
519
842
697
768
950
695
815
651
875
395
747
328
585
939
856
453
757
984
476
907
615
500
207
87
104
529
483
647
158
168
340
614
58
666
200
544
894
592
963
93
366
588
850
977
513
115
265
802
445
956
382
647
877
980
328
600
16
788
565
692
413
454
535
774
452
506
726
937
511
658
47
14
226
580
814
544
935
180
703
353
111
423
761
532
536
746
896
205
28
477
347
912
769
512
282
844
677
667
19
427
789
783
391
963
353
639
375
133
148
193
476
150
594
465
272
305
364
663
179
410
546
740
761
418
874
683
848
97
199
242
310
179
146
710
594
859
880
593
19
851
971
749
402
469
659
577
781
368
198
403
898
646
549
58
610
962
440
950
596
244
655
671
571
305
515
247
695
405
660
703
41
393
638
512
784
547
297
846
242
672
646
282
15
308
700
751
263
135
762
101
579
795
779
551
19
377
673
739
584
760
6
784
869
859
948
990
641
566
276
394
826
852
53
348
763
50
711
724
596
817
489
122
394
660
575
695
875
191
829
778
662
459
683
579
627
834
658
565
172
880
946
54
302
616
700
729
938
329
957
462
188
878
647
860
278
10
750
442
363
776
454
171
754
581
144
378
956
713
127
771
486
503
288
311
666
381
268
218
432
198
340
279
758
131
905
919
455
380
385
219
970
661
365
158
267
164
18
893
77
273
214
822
576
832
216
484
22
165
543
116
23
353
406
815
859
525
99
817
739
29
866
346
950
386
57
873
604
883
856
379
114
501
426
390
537
638
130
159
709
721
375
321
404
422
705
784
825
604
1
389
379
544
56
97
73
262
288
65
825
958
114
5
656
670
305
636
46
287
716
878
684
923
888
672
477
513
407
966
957
198
339
439
158
695
727
13
641
389
910
61
555
331
392
479
576
659
84
485
81
231
0
69
152
409
934
538
884
7
169
462
968
383
71
644
744
546
235
456
731
914
952
981
149
84
929
917
102
536
573
154
897
735
649
232
443
466
802
659
794
600
244
185
677
673
899
708
285
807
445
425
708
546
956
207
101
102
337
965
129
377
311
934
251
857
519
377
146
166
180
236
942
601
849
609
948
474
46
766
263
444
908
609
978
318
556
95
707
0
591
175
790
342
960
216
871
682
465
702
482
756
359
272
910
471
780
765
887
784
274
34
585
532
290
701
990
602
312
943
972
287
271
621
271
3
948
768
183
804
384
534
943
295
691
165
670
620
272
492
279
143
153
714
940
364
48
956
494
366
797
209
776
785
49
777
880
919
368
266
286
54
521
508
165
543
298
546
362
451
117
930
285
831
584
151
390
807
354
0
46
693
924
971
283
301
427
636
366
456
122
71
170
485
23
7
59
95
32
373
337
653
28
266
379
323
567
229
226
908
277
892
760
541
533
649
601
541
731
82
481
870
314
257
198
602
735
843
196
773
680
267
440
746
251
736
548
985
225
32
59
749
205
431
316
753
223
966
696
286
344
513
802
625
901
891
821
843
256
192
428
261
422
107
547
872
430
868
728
24
70
740
175
557
522
717
212
327
433
166
549
804
202
713
799
974
584
558
556
311
241
778
777
994
542
870
349
842
725
982
499
693
528
791
130
57
539
959
273
919
779
481
573
522
526
972
148
779
953
144
212
757
949
312
557
295
383
721
392
431
169
935
26
736
707
273
601
81
667
535
401
615
635
845
267
946
818
462
302
591
889
860
357
806
49
169
760
763
557
354
361
918
290
117
254
90
416
589
482
422
845
306
584
938
965
859
134
827
95
856
306
973
200
521
48
446
669
330
683
910
399
582
613
882
969
702
347
836
439
353
235
943
214
167
146
110
406
9
836
585
383
202
868
72
525
79
802
755
698
562
807
49
684
181
971
247
558
142
384
397
56
545
486
932
51
865
260
571
602
132
611
970
452
42
672
452
474
395
819
881
341
853
930
434
573
976
751
574
244
913
297
993
807
914
877
708
937
53
693
734
790
130
930
989
806
787
948
161
26
269
455
278
914
100
544
644
832
187
56
605
661
516
67
334
520
634
163
477
189
602
818
3
626
935
408
71
926
339
288
61
175
722
950
184
904
38
465
223
281
16
307
59
755
722
167
577
578
204
558
443
537
160
867
35
274
729
970
484
756
963
717
402
823
521
396
353
264
430
716
566
509
487
32
676
903
69
249
522
440
602
340
157
47
962
435
249
736
405
254
11
440
405
5
648
928
957
965
39
969
497
654
59
830
543
898
505
268
607
94
64
411
689
693
131
301
888
235
592
437
287
280
859
318
270
236
550
897
875
379
224
815
607
350
465
486
380
3
458
421
900
796
892
662
864
809
688
824
775
104
554
56
92
358
837
158
642
629
473
235
952
637
100
473
207
218
563
113
40
409
95
203
269
213
441
504
964
237
73
758
976
256
424
609
149
248
771
651
953
601
970
437
223
987
802
790
5
900
33
444
256
928
673
839
291
653
90
905
418
479
806
791
166
789
809
786
863
572
170
147
110
87
610
135
864
150
389
338
411
390
597
268
534
157
437
300
543
818
614
261
654
843
293
333
408
439
392
529
431
475
153
645
864
106
48
496
215
792
75
221
215
416
405
638
502
768
167
923
604
998
883
416
747
535
677
943
457
584
949
866
808
538
609
31
431
578
357
861
63
250
712
123
529
70
672
330
498
40
969
268
299
512
812
936
325
16
949
4
321
501
608
996
925
937
622
571
369
394
598
647
168
505
516
610
961
689
568
549
411
647
321
240
197
400
565
626
724
594
301
655
74
869
363
622
150
853
137
647
695
731
644
490
40
405
58
684
62
983
354
890
768
695
366
445
357
367
998
301
387
273
734
960
909
523
839
531
9
137
881
747
258
618
262
641
970
138
486
582
999
415
770
543
82
7
456
812
325
975
366
807
522
858
916
343
455
463
301
431
147
218
530
704
365
759
433
609
306
957
11
829
498
833
672
753
438
659
945
451
382
82
269
292
1
295
286
256
330
103
918
31
547
266
129
185
647
594
926
61
986
156
639
541
26
348
920
525
335
766
237
773
44
541
854
727
518
276
411
114
955
783
277
374
997
600
760
434
186
620
128
963
308
286
151
974
221
463
519
588
775
519
75
849
802
136
265
674
986
84
592
468
613
517
145
422
802
354
464
255
885
958
116
979
966
636
334
328
585
455
0
597
608
470
85
27
124
777
344
309
198
696
724
429
754
2
479
890
752
384
404
254
90
168
983
114
325
956
463
798
412
5
64
592
118
70
576
796
703
944
579
691
725
124
397
352
563
872
694
323
338
431
292
333
462
321
413
612
951
424
34
877
975
76
467
710
869
454
577
901
949
376
305
283
69
22
256
753
760
201
171
436
216
532
49
420
100
312
505
99
385
879
743
905
961
43
156
140
791
475
133
704
743
17
156
724
70
530
606
497
668
261
24
693
925
681
732
465
913
429
851
979
177
288
720
872
153
76
662
329
522
995
853
803
428
203
763
847
556
373
270
215
518
526
105
141
853
738
698
680
241
172
861
83
161
470
6
471
368
766
730
444
3
416
698
892
58
112
706
950
250
210
694
986
7
925
278
495
452
596
23
21
728
316
333
558
984
75
290
398
641
6
215
79
312
469
29
878
897
451
711
319
918
233
304
262
113
348
922
465
700
584
175
935
442
234
285
18
884
800
887
907
655
123
214
211
759
252
897
245
163
398
104
994
776
17
112
46
151
402
697
347
824
136
929
347
252
460
27
938
720
869
970
607
433
255
454
409
229
511
593
666
28
797
511
796
146
615
572
317
83
415
559
849
262
698
537
895
444
509
485
298
248
754
52
516
266
983
932
295
766
179
436
870
862
600
803
589
350
910
688
710
76
690
19
181
877
886
146
427
598
942
779
481
651
148
718
364
903
209
804
245
419
163
820
755
734
558
304
809
875
212
372
436
317
12
659
380
428
906
471
732
707
687
47
415
315
190
605
143
979
287
518
356
333
380
507
751
155
165
235
229
766
106
43
468
64
399
890
900
279
208
709
535
549
600
518
974
860
937
632
910
707
404
203
645
88
40
173
438
78
849
416
981
288
553
493
961
966
112
972
439
372
396
710
736
313
292
843
617
419
90
488
837
807
207
312
516
288
185
198
407
142
415
218
828
821
237
988
930
612
907
270
30
437
397
396
896
466
186
661
289
163
965
355
515
694
686
501
459
406
477
712
374
173
737
762
680
21
164
623
179
349
539
767
364
461
866
430
978
878
842
436
562
79
720
895
504
910
302
774
15
873
228
892
546
930
702
366
373
219
510
935
475
336
519
834
381
403
845
136
336
193
522
520
35
5
825
480
136
810
366
868
981
418
692
499
235
97
399
252
679
73
719
750
977
858
118
234
100
161
683
666
956
452
4
488
975
900
786
672
566
495
673
889
867
659
599
680
723
538
565
490
584
477
856
301
912
881
622
387
701
784
188
417
944
964
655
707
216
376
124
959
73
1
376
203
609
946
941
5
373
790
276
202
807
709
200
573
500
866
836
889
860
943
44
707
262
429
746
165
304
479
590
728
615
728
120
570
518
448
7
764
996
809
888
8
569
835
95
918
134
823
840
264
332
642
467
688
723
310
18
543
890
711
645
508
625
127
423
536
498
496
671
514
466
968
232
733
613
365
50
906
803
629
994
985
781
189
124
514
228
453
500
542
379
313
183
439
69
635
300
66
498
177
928
865
582
307
54
350
478
155
86
434
775
579
192
736
867
407
284
767
253
963
579
461
821
795
501
13
744
860
150
437
221
168
679
532
183
25
709
185
16
559
333
84
514
199
367
917
577
100
239
118
591
322
314
14
63
707
527
51
830
13
880
371
82
832
768
625
513
231
101
364
163
835
883
724
867
308
248
419
807
775
957
250
340
765
5
415
137
676
290
936
695
596
288
423
418
557
268
194
834
940
881
517
962
795
886
371
483
324
359
626
198
600
999
28
143
898
9
695
913
677
646
94
941
333
694
624
943
347
17
20
292
318
882
723
830
710
897
292
496
825
283
681
215
625
676
914
676
574
810
284
987
566
252
723
711
358
815
362
459
662
404
665
30
182
816
715
82
466
479
365
444
358
159
4
484
244
465
639
391
10
335
831
834
856
787
781
238
648
902
523
811
512
404
760
551
748
216
329
699
961
46
682
455
500
439
45
374
914
663
122
498
165
520
281
197
747
427
208
648
706
111
878
97
793
869
553
337
622
626
202
349
766
969
406
668
166
895
306
826
121
305
638
211
360
129
202
736
404
571
418
11
498
143
724
126
882
56
700
705
54
47
724
659
20
916
879
908
168
873
597
442
592
322
235
236
146
822
357
923
482
810
21
643
637
114
763
125
474
420
310
932
431
627
238
732
591
457
978
619
29
796
553
815
766
952
408
507
432
470
531
189
910
154
810
657
818
693
252
697
679
649
241
610
26
602
491
922
476
912
720
35
36
920
393
111
504
401
13
178
854
724
607
315
915
505
991
767
499
476
378
31
354
947
642
264
993
493
331
852
451
446
120
613
553
341
935
905
60
756
438
863
397
834
888
82
303
381
665
337
841
620
905
357
703
572
744
218
616
544
662
685
981
420
297
701
583
246
861
260
296
144
23
122
269
711
676
164
983
887
558
686
889
721
59
657
109
623
911
704
805
416
641
642
370
992
830
472
574
422
224
64
142
144
726
203
19
252
97
275
752
941
4
636
8
943
663
620
234
76
928
233
845
130
128
778
161
960
365
100
477
6
215
612
322
450
44
31
915
899
170
564
317
750
175
315
567
401
529
853
350
68
546
203
391
257
388
998
795
866
471
182
62
495
175
436
311
778
184
446
561
466
143
260
578
527
563
211
873
785
90
337
940
435
280
769
714
365
39
328
512
342
747
421
471
998
855
392
554
30
477
693
771
195
56
568
153
472
714
472
356
248
296
134
530
499
447
951
201
707
255
439
505
709
178
547
32
741
933
990
933
705
51
162
691
85
577
814
158
989
203
457
7
529
744
349
785
100
463
5
101
164
215
411
319
824
741
498
315
822
773
981
481
559
747
375
172
449
71
841
235
165
874
538
55
338
68
334
847
889
389
31
521
439
799
762
512
184
264
845
445
217
442
184
348
517
291
228
390
741
925
655
830
490
314
154
908
979
579
150
931
856
719
842
676
499
548
710
551
267
528
470
660
33
965
574
20
836
711
479
720
614
128
320
722
834
588
111
336
239
151
268
156
123
432
76
380
268
853
699
971
138
627
490
119
17
848
614
779
510
5
486
857
246
90
102
801
666
221
132
904
510
358
537
648
977
278
559
801
566
414
168
775
291
574
436
965
302
832
836
423
939
64
199
187
900
723
867
96
533
426
663
659
174
862
383
870
156
327
922
453
306
934
571
86
754
155
679
632
424
908
677
231
833
836
396
413
748
762
727
53
778
591
920
62
230
52
271
220
385
762
466
442
932
74
649
56
433
39
108
405
567
585
557
179
381
747
176
423
931
341
930
66
520
5
196
174
174
931
414
868
165
920
272
969
116
650
949
14
711
133
56
229
72
395
220
405
653
372
696
414
885
820
12
249
871
843
407
91
131
252
729
849
804
590
568
70
697
84
593
871
301
185
475
772
192
659
309
925
267
350
158
262
901
860
191
474
415
393
898
627
233
908
45
401
708
557
343
619
873
104
303
774
337
647
365
729
95
502
203
600
302
556
54
148
946
745
9
639
928
545
494
252
250
570
562
562
915
391
212
569
647
697
669
8
732
777
450
387
123
111
102
350
451
520
651
426
730
961
232
204
354
515
801
270
468
571
560
1
881
496
529
458
515
304
666
150
767
996
106
430
290
252
353
620
442
94
730
749
23
19
992
966
29
830
756
261
821
50
354
119
517
402
751
145
413
274
433
474
947
495
535
4
44
30
41
99
690
370
579
436
222
531
184
87
150
559
433
761
270
332
504
382
473
308
54
816
903
563
285
601
96
92
193
18
267
903
817
680
215
853
227
100
168
536
113
374
504
796
92
197
435
572
273
917
678
879
196
226
624
686
988
405
708
337
469
715
534
944
982
683
799
877
939
514
217
72
387
805
441
387
481
75
468
640
335
350
122
286
630
200
976
913
279
164
542
870
607
470
612
354
822
315
402
276
949
739
552
6
64
311
94
916
387
409
193
258
731
898
895
502
872
377
67
725
634
967
475
25
890
858
222
225
189
386
815
300
456
491
754
105
45
800
855
934
439
410
477
391
82
710
471
848
111
206
906
507
294
364
597
691
58
961
37
550
332
280
579
785
858
767
618
363
724
439
100
441
162
419
866
879
40
455
247
782
77
197
841
505
529
268
561
414
991
924
944
492
987
165
143
574
243
713
221
576
881
180
161
619
273
91
459
332
3
168
327
948
152
416
256
22
163
114
182
753
634
771
541
891
700
463
273
185
129
751
239
168
825
538
548
809
238
831
46
261
67
336
557
466
736
232
512
872
343
257
287
893
173
459
899
26
421
563
719
727
453
946
514
265
795
622
426
749
70
478
479
470
238
242
813
479
862
314
137
74
558
629
809
493
462
192
562
634
328
788
119
74
809
633
873
20
602
412
338
50
384
239
308
692
889
554
538
944
59
879
272
808
913
638
142
799
702
976
805
166
914
611
165
280
938
285
193
190
522
285
174
928
696
873
659
475
468
166
527
679
465
187
361
615
647
326
732
995
365
432
137
305
321
122
13
248
468
638
720
959
450
797
403
191
979
127
363
325
454
289
962
655
194
291
94
841
905
770
935
816
370
856
57
724
919
738
943
652
903
59
637
14
284
709
538
461
458
421
336
87
569
794
699
540
950
32
600
345
754
734
106
396
514
525
57
101
145
179
273
104
861
174
880
872
582
266
867
665
667
782
212
589
232
799
806
494
889
286
888
445
462
576
955
384
144
259
880
383
578
674
515
572
564
735
204
451
449
725
419
759
750
26
219
524
270
512
344
211
734
462
541
118
10
399
142
293
88
231
22
296
281
431
792
52
580
745
505
901
685
135
197
715
12
196
310
592
875
321
412
217
141
249
658
452
867
451
126
109
827
26
488
111
377
355
495
482
806
828
382
672
185
361
643
749
720
246
544
887
810
138
422
407
312
613
45
344
11
788
264
147
928
950
798
652
885
9
196
917
714
853
960
847
576
369
365
803
155
975
713
530
870
983
645
847
858
43
658
454
197
165
160
160
714
589
240
563
803
835
808
942
834
805
950
712
120
748
113
277
916
209
228
565
589
833
991
813
917
50
297
401
478
199
265
693
195
622
376
819
441
614
999
347
500
906
975
581
856
491
998
11
470
241
241
90
198
705
47
84
514
913
547
215
977
769
720
687
245
874
795
487
1
187
847
40
834
991
130
876
995
25
971
516
952
511
31
646
832
4
365
491
177
675
970
37
907
668
462
341
26
634
121
744
416
419
759
219
987
124
805
445
569
485
540
454
221
544
630
856
990
109
994
706
803
392
547
69
840
506
569
216
666
209
267
133
428
412
626
792
627
476
748
143
322
248
749
372
157
131
706
315
240
214
270
288
768
629
374
777
230
868
856
589
187
733
938
80
922
977
237
44
682
444
384
658
859
704
402
681
217
765
691
721
181
421
851
977
297
207
599
335
181
711
730
63
681
230
387
656
511
344
939
556
326
23
384
579
39
292
531
890
233
327
161
269
647
82
1
239
72
202
619
331
469
23
284
422
735
921
421
588
366
129
549
375
217
428
481
728
623
774
125
84
469
21
466
286
168
385
130
57
102
188
519
715
814
722
645
737
110
786
653
524
303
555
515
433
992
970
535
734
167
763
102
659
916
553
610
119
677
197
576
977
833
738
766
999
395
812
576
724
669
372
10
545
111
909
326
214
998
170
857
854
170
504
532
301
848
573
382
271
467
158
645
402
515
169
152
707
627
785
324
348
548
850
487
926
139
265
175
675
290
140
768
54
466
900
111
220
624
356
733
794
401
18
895
136
814
540
985
77
178
274
715
682
589
330
151
150
127
447
868
414
863
198
423
331
875
790
885
628
737
735
410
919
368
228
671
175
679
900
532
8
240
958
507
11
14
418
396
173
291
245
988
90
146
746
874
288
91
480
223
473
120
289
831
952
991
784
894
757
452
781
712
264
51
713
987
191
353
22
449
931
654
881
302
90
739
386
392
960
837
520
42
420
692
774
219
404
590
312
95
651
239
949
37
920
662
20
820
253
617
420
124
110
629
725
426
450
403
297
29
890
250
731
277
81
165
812
981
384
380
417
702
700
516
402
805
68
961
610
145
262
729
559
826
151
853
260
735
23
299
855
440
452
535
483
611
499
93
821
335
235
940
265
577
620
0
612
544
759
942
376
927
421
202
625
808
519
269
299
523
897
477
505
947
428
856
229
442
877
175
203
194
421
913
432
799
41
760
26
700
211
227
521
556
429
58
845
675
212
463
449
415
66
615
883
859
834
484
275
111
561
806
776
293
664
968
988
704
801
583
814
585
256
834
964
692
87
14
549
137
526
239
831
28
347
12
189
37
992
189
813
373
271
879
460
571
336
8
841
168
488
584
862
566
38
197
991
367
153
903
481
19
66
460
40
883
551
820
808
714
858
890
200
122
581
836
213
799
92
624
330
147
238
78
22
508
969
443
161
331
452
352
358
508
8
126
364
565
900
539
184
560
596
548
485
366
655
971
212
459
760
808
60
458
778
685
608
465
922
903
456
652
229
710
676
665
616
710
252
133
696
756
939
0
404
310
186
448
221
982
289
879
476
911
998
818
716
704
144
625
686
890
688
568
756
223
776
178
999
739
23
784
243
132
248
783
586
909
321
520
810
770
619
606
76
844
812
131
91
719
360
501
667
716
149
577
192
463
148
363
126
628
841
763
10
640
458
797
885
303
683
267
234
496
648
43
731
545
462
24
161
466
441
375
833
964
518
795
684
2
992
425
92
762
923
523
57
59
963
138
49
579
371
884
315
876
284
321
835
682
40
628
452
950
521
987
919
7
9
548
727
340
31
959
626
832
9
137
698
710
326
428
660
91
570
292
871
739
327
435
142
612
862
624
48
806
432
479
877
779
781
226
768
84
565
704
855
412
75
961
425
446
647
379
213
858
573
620
945
825
157
623
157
588
808
519
138
914
701
590
573
798
585
375
67
370
785
552
317
800
302
540
71
891
192
614
434
211
67
923
288
836
665
994
769
219
913
188
808
265
798
94
738
430
672
52
799
544
330
799
226
93
291
774
235
929
258
732
861
688
653
158
88
744
440
408
140
177
208
659
85
71
629
495
171
419
943
421
410
87
99
653
980
527
525
328
948
444
299
629
665
176
634
407
953
333
204
606
848
155
810
149
233
134
288
970
187
650
355
600
227
792
307
984
928
54
92
293
591
309
299
60
730
313
35
351
144
10
495
594
266
75
266
349
294
459
53
559
318
170
572
763
314
189
797
337
380
180
643
95
67
625
389
461
974
127
885
993
51
851
603
264
205
546
139
962
883
116
631
609
262
464
870
487
575
227
602
177
870
45
614
659
215
212
726
13
924
935
744
633
931
905
751
284
803
573
852
488
235
357
655
466
84
969
290
348
113
195
748
403
671
756
688
820
485
343
609
962
546
490
485
88
887
746
536
221
657
511
778
260
493
978
434
417
667
850
40
777
837
899
319
97
556
972
513
980
853
741
854
185
315
372
317
171
98
273
607
923
217
280
581
731
258
935
949
883
409
14
151
148
316
95
766
530
808
736
667
27
991
813
417
9
541
637
65
412
301
764
604
149
419
817
806
9
377
208
96
863
179
389
377
137
890
158
463
418
489
557
873
487
686
139
262
274
950
710
702
29
523
175
341
448
576
787
722
645
994
913
191
621
511
437
352
315
19
14
522
428
947
743
467
942
508
213
490
657
498
534
123
157
63
695
240
292
512
538
410
667
837
672
708
634
58
928
988
996
898
315
847
930
581
988
111
688
731
435
703
233
459
962
174
316
724
546
16
452
955
314
105
866
767
218
285
784
292
959
136
339
307
865
448
2
854
199
761
648
500
344
630
297
741
404
931
140
291
33
613
628
169
709
788
335
567
270
963
794
451
229
481
695
720
298
998
689
554
582
883
529
250
111
3
430
463
724
231
347
266
850
385
332
845
375
25
252
993
638
689
930
744
552
703
205
662
3
643
503
310
976
915
241
378
278
670
815
785
382
444
964
847
628
536
17
238
982
59
919
60
593
60
936
797
632
872
651
313
305
62
180
351
436
990
548
157
749
975
